3831951
72503296
72503334
72503445
72503541
75000199
75000222
75000229
75000276
78049670
78071650
78082660
78082730
78082880
78083030
78083400
78083410
78083560
78083600
78083710
78083900
78083910
78083970
78084230
78084290
78084310
78084550
78084690
78084710
78084730
78084850
78084890
78084910
78084950
78084970
78084990
78085060
78085150
78085210
78085240
78085360
78085600
78085660
78085670
78085690
78085700
78085740
78085830
78085890
78085900
78085970
78086000
78086050
78086120
78086190
78086240
78086300
78086340
78086380
78086390
78086480
78086530
78086580
78086620
78086630
78086750
78086850
78086880
78086930
78086960
78087090
78087120
78087290
78087680
78087760
78087940
78087990
78088070
78088090
78088150
78088170
78088220
78088350
78088390
78088430
78088490
78088550
78088620
78088630
78088730
78088740
78088850
78088920
78089050
78089060
78089190
78089240
78089310
78089450
78089460
78089560
78089570
78089610
78089720
78089740
78089770
78089800
78089830
78089860
78089910
78089940
78089980
78089990
78090010
78090070
78090140
78090340
78090400
78090470
78090560
78090590
78090640
78090700
78090720
78090880
78090930
78091050
78091170
78091340
78091350
78091430
78091450
78091520
78091550
78091560
78091590
78091620
78091630
78091650
78091690
78091710
78091730
78091780
78091860
78091890
78091910
78091950
78092090
78092170
78092250
78092310
78092320
78092370
78092380
78092410
78092500
78092550
78092600
78092610
78092670
78092720
78092730
78092800
78092840
78092890
78092940
78092950
78092960
78092970
78092980
78092990
78093000
78093020
78093080
78093130
78093160
78093320
78093340
78093350
78093360
78093380
78093510
78093530
78093580
78093630
78093690
78093750
78093760
78093770
78093810
78093840
78093860
78093890
78093910
78093930
78093940
78093970
78093990
78094000
78094020
78094100

